第1次迭代测试:
正确率: 26.00 %
对测试集所有数据的测试结果
[[0. 0. 0.]
 [0. 0. 0.]
 [0. 0. 0.]
 [0. 0. 0.]
 [0. 0. 0.]
 [0. 0. 0.]
 [0. 0. 0.]
 [0. 0. 0.]
 [0. 0. 0.]
 [0. 0. 0.]
 [0. 0. 0.]
 [0. 0. 0.]
 [0. 0. 0.]
 [0. 0. 0.]
 [0. 0. 0.]
 [0. 0. 0.]
 [0. 0. 0.]
 [0. 0. 0.]
 [0. 0. 0.]
 [0. 0. 0.]
 [0. 0. 0.]
 [0. 0. 0.]
 [0. 0. 0.]
 [0. 0. 0.]
 [0. 0. 0.]
 [0. 0. 0.]
 [0. 0. 0.]
 [0. 0. 0.]
 [0. 0. 0.]
 [0. 0. 0.]
 [0. 0. 0.]
 [0. 0. 0.]
 [0. 0. 0.]
 [0. 0. 0.]
 [0. 0. 0.]
 [0. 0. 0.]
 [0. 0. 0.]
 [0. 0. 0.]
 [0. 0. 0.]
 [0. 0. 0.]
 [0. 0. 0.]
 [0. 0. 0.]
 [0. 0. 0.]
 [0. 0. 0.]
 [0. 0. 0.]
 [0. 0. 0.]
 [0. 0. 0.]
 [0. 0. 0.]
 [0. 0. 0.]
 [0. 0. 0.]]
------------------------------------------------------------------
对测试集所有数据的预测结果
[0, 0, 0, 0, 0, 0, 0, 0, 0, 0, 0, 0, 0, 0, 0, 0, 0, 0, 0, 0, 0, 0, 0, 0, 0, 0, 0, 0, 0, 0, 0, 0, 0, 0, 0, 0, 0, 0, 0, 0, 0, 0, 0, 0, 0, 0, 0, 0, 0, 0]
==================================================================
第2次迭代测试:
正确率: 98.00 %
对测试集所有数据的测试结果
[[ 32.     0.     0.  ]
 [ 32.     0.     0.  ]
 [ 32.     0.     0.  ]
 [ 32.     0.     0.  ]
 [ 31.     0.     0.  ]
 [ 32.     0.     0.  ]
 [ 32.     0.     0.  ]
 [ 32.     0.     0.  ]
 [ 32.     0.     0.  ]
 [ 26.     0.     0.  ]
 [ 32.     0.     0.  ]
 [ 32.     0.     0.  ]
 [ 32.     0.     0.  ]
 [ 32.     0.     0.  ]
 [ 32.     0.     0.  ]
 [ 32.     0.     0.  ]
 [ 32.     0.     0.  ]
 [ 32.     0.     0.  ]
 [  0.     4.     0.  ]
 [101.09 198.36 185.56]
 [ 82.14 273.81 262.66]
 [ 82.8  185.65 178.04]
 [ 71.8  508.21 407.24]
 [ 88.59 334.02 276.13]
 [ 59.39 519.16 484.06]
 [ 70.55 538.23 380.58]
 [  0.     6.     0.  ]
 [ 95.24 283.7  230.93]
 [ 89.67 251.62 219.85]
 [ 78.39 312.04 282.28]
 [ 82.98 393.2  310.77]
 [104.01 213.03 194.27]
 [ 79.81 380.   314.4 ]
 [ 55.59 376.02 615.99]
 [ 65.78 236.48 269.5 ]
 [  0.     0.     3.  ]
 [  0.     0.     2.  ]
 [  0.     0.     6.  ]
 [ 58.31 331.86 354.01]
 [  0.     0.     1.  ]
 [ 33.87 165.32 191.71]
 [  0.     0.     3.  ]
 [ 59.45 722.48 663.97]
 [  0.     0.     1.  ]
 [  0.     0.     6.  ]
 [  0.     0.     1.  ]
 [ 55.59 376.02 615.99]
 [  0.     0.     1.  ]
 [  0.     0.     1.  ]
 [  0.     0.     1.  ]]
------------------------------------------------------------------
对测试集所有数据的预测结果
[0, 0, 0, 0, 0, 0, 0, 0, 0, 0, 0, 0, 0, 0, 0, 0, 0, 0, 1, 1, 1, 1, 1, 1, 1, 1, 1, 1, 1, 1, 1, 1, 1, 2, 2, 2, 2, 2, 2, 2, 2, 2, 1, 2, 2, 2, 2, 2, 2, 2]
==================================================================
第3次迭代测试:
正确率: 100.00 %
对测试集所有数据的测试结果
[[ 60.     0.     0.  ]
 [ 60.     0.     0.  ]
 [ 60.     0.     0.  ]
 [ 60.     0.     0.  ]
 [ 60.     0.     0.  ]
 [ 60.     0.     0.  ]
 [ 55.     0.     0.  ]
 [ 36.     0.     0.  ]
 [ 59.     0.     0.  ]
 [ 60.     0.     0.  ]
 [ 60.     0.     0.  ]
 [ 60.     0.     0.  ]
 [ 60.     0.     0.  ]
 [ 60.     0.     0.  ]
 [ 60.     0.     0.  ]
 [ 60.     0.     0.  ]
 [ 60.     0.     0.  ]
 [ 60.     0.     0.  ]
 [ 60.     0.     0.  ]
 [  0.    11.     0.  ]
 [129.97 550.68 484.53]
 [129.39 567.78 455.05]
 [  0.     7.     0.  ]
 [  0.    12.     0.  ]
 [104.52 725.7  635.19]
 [147.09 592.18 475.28]
 [  0.    11.     0.  ]
 [  0.     9.     0.  ]
 [  0.    12.     0.  ]
 [136.55 607.88 513.1 ]
 [  0.     7.     0.  ]
 [139.38 725.41 539.8 ]
 [138.37 839.49 612.98]
 [  0.     6.     0.  ]
 [  0.     0.     7.  ]
 [  0.     0.    13.  ]
 [  0.     0.     9.  ]
 [  0.     0.     3.  ]
 [  0.     0.     9.  ]
 [  0.     0.     5.  ]
 [  0.     0.     9.  ]
 [ 57.15 296.6  438.66]
 [  0.     0.     8.  ]
 [  0.     0.     2.  ]
 [  0.     0.     2.  ]
 [  0.     0.     4.  ]
 [  0.     0.     9.  ]
 [  0.     0.     8.  ]
 [  0.     0.     7.  ]
 [  0.     0.    15.  ]]
------------------------------------------------------------------
对测试集所有数据的预测结果
[0, 0, 0, 0, 0, 0, 0, 0, 0, 0, 0, 0, 0, 0, 0, 0, 0, 0, 0, 1, 1, 1, 1, 1, 1, 1, 1, 1, 1, 1, 1, 1, 1, 1, 2, 2, 2, 2, 2, 2, 2, 2, 2, 2, 2, 2, 2, 2, 2, 2]
==================================================================