第1次迭代测试:
正确率: 25.00 %
对测试集所有数据的测试结果
[[0. 0. 0. 0.]
 [0. 0. 0. 0.]
 [0. 0. 0. 0.]
 [0. 0. 0. 0.]
 [0. 0. 0. 0.]
 [0. 0. 0. 0.]
 [0. 0. 0. 0.]
 [0. 0. 0. 0.]
 [0. 0. 0. 0.]
 [0. 0. 0. 0.]
 [0. 0. 0. 0.]
 [0. 0. 0. 0.]
 [0. 0. 0. 0.]
 [0. 0. 0. 0.]
 [0. 0. 0. 0.]
 [0. 0. 0. 0.]]
------------------------------------------------------------------
对测试集所有数据的预测结果
[0, 0, 0, 0, 0, 0, 0, 0, 0, 0, 0, 0, 0, 0, 0, 0]
==================================================================
第2次迭代测试:
正确率: 93.75 %
对测试集所有数据的测试结果
[[6.   0.   0.   0.  ]
 [6.   0.   0.   0.  ]
 [6.   0.   0.   0.  ]
 [0.   7.   0.   0.  ]
 [0.   7.   0.   0.  ]
 [0.   7.   0.   0.  ]
 [0.   0.   2.   0.  ]
 [0.   0.   3.   0.  ]
 [0.78 0.65 1.44 2.22]
 [0.   0.   0.   3.  ]
 [0.   0.   0.   3.  ]
 [0.   0.   0.   3.  ]
 [0.   0.   0.   4.  ]
 [0.   0.   0.   3.  ]
 [0.   0.   0.   3.  ]
 [0.   0.   0.   1.  ]]
------------------------------------------------------------------
对测试集所有数据的预测结果
[0, 0, 0, 1, 1, 1, 2, 2, 3, 3, 3, 3, 3, 3, 3, 3]
==================================================================
第3次迭代测试:
正确率: 100.00 %
对测试集所有数据的测试结果
[[13.  0.  0.  0.]
 [13.  0.  0.  0.]
 [13.  0.  0.  0.]
 [ 0. 14.  0.  0.]
 [ 0. 14.  0.  0.]
 [ 0. 14.  0.  0.]
 [ 0. 14.  0.  0.]
 [ 0.  0.  7.  0.]
 [ 0.  0.  2.  0.]
 [ 0.  0.  7.  0.]
 [ 0.  0.  0. 10.]
 [ 0.  0.  0. 10.]
 [ 0.  0.  0.  2.]
 [ 0.  0.  0.  9.]
 [ 0.  0.  0.  8.]]
------------------------------------------------------------------
对测试集所有数据的预测结果
[0, 0, 0, 1, 1, 1, 1, 2, 2, 2, 3, 3, 3, 3, 3]
==================================================================