第1次迭代测试:
正确率: 45.00 %
对测试集所有数据的测试结果
[[0. 0. 0.]
 [0. 0. 0.]
 [0. 0. 0.]
 [0. 0. 0.]
 [0. 0. 0.]
 [0. 0. 0.]
 [0. 0. 0.]
 [0. 0. 0.]
 [0. 0. 0.]
 [0. 0. 0.]
 [0. 0. 0.]
 [0. 0. 0.]
 [0. 0. 0.]
 [0. 0. 0.]
 [0. 0. 0.]
 [0. 0. 0.]
 [0. 0. 0.]
 [0. 0. 0.]
 [0. 0. 0.]
 [0. 0. 0.]
 [0. 0. 0.]
 [0. 0. 0.]
 [0. 0. 0.]
 [0. 0. 0.]
 [0. 0. 0.]
 [0. 0. 0.]
 [0. 0. 0.]
 [0. 0. 0.]
 [0. 0. 0.]
 [0. 0. 0.]
 [0. 0. 0.]
 [0. 0. 0.]
 [0. 0. 0.]
 [0. 0. 0.]
 [0. 0. 0.]
 [0. 0. 0.]
 [0. 0. 0.]
 [0. 0. 0.]
 [0. 0. 0.]
 [0. 0. 0.]
 [0. 0. 0.]
 [0. 0. 0.]
 [0. 0. 0.]
 [0. 0. 0.]
 [0. 0. 0.]
 [0. 0. 0.]
 [0. 0. 0.]
 [0. 0. 0.]
 [0. 0. 0.]
 [0. 0. 0.]
 [0. 0. 0.]
 [0. 0. 0.]
 [0. 0. 0.]
 [0. 0. 0.]
 [0. 0. 0.]
 [0. 0. 0.]
 [0. 0. 0.]
 [0. 0. 0.]
 [0. 0. 0.]
 [0. 0. 0.]]
------------------------------------------------------------------
对测试集所有数据的预测结果
[0, 0, 0, 0, 0, 0, 0, 0, 0, 0, 0, 0, 0, 0, 0, 0, 0, 0, 0, 0, 0, 0, 0, 0, 0, 0, 0, 0, 0, 0, 0, 0, 0, 0, 0, 0, 0, 0, 0, 0, 0, 0, 0, 0, 0, 0, 0, 0, 0, 0, 0, 0, 0, 0, 0, 0, 0, 0, 0, 0]
==================================================================
第2次迭代测试:
正确率: 57.63 %
对测试集所有数据的测试结果
[[ 10.     0.     0.  ]
 [  8.     0.     0.  ]
 [ 11.     0.     0.  ]
 [ 11.     0.     0.  ]
 [  9.     0.     0.  ]
 [  5.     0.     0.  ]
 [  9.     0.     0.  ]
 [ 13.     0.     0.  ]
 [ 13.     0.     0.  ]
 [ 12.     0.     0.  ]
 [ 13.     0.     0.  ]
 [  5.     0.     0.  ]
 [ 13.     0.     0.  ]
 [  8.     0.     0.  ]
 [  4.     0.     0.  ]
 [  9.     0.     0.  ]
 [ 12.     0.     0.  ]
 [ 12.     0.     0.  ]
 [ 12.     0.     0.  ]
 [  0.     2.     0.  ]
 [142.52  90.27  93.53]
 [156.32 129.45 122.68]
 [107.58 148.5  180.23]
 [125.26 118.47 123.51]
 [135.41  92.92 113.55]
 [157.71 121.25 120.01]
 [115.25 137.28 137.96]
 [121.1  132.35 146.78]
 [101.1  157.52 154.14]
 [126.42  96.36 108.89]
 [112.41  77.28  84.08]
 [102.8   92.56 140.1 ]
 [152.71  91.89  93.46]
 [138.93 110.37 120.78]
 [121.64 124.42 152.27]
 [111.23 136.23 139.98]
 [168.63 107.04 122.93]
 [136.41 117.81 139.34]
 [153.66  86.76  97.89]
 [ 96.88  89.98  85.83]
 [121.8  103.68 137.17]
 [145.97  93.03 108.7 ]
 [ 87.95  59.64  65.86]
 [111.4   85.57 113.95]
 [138.17 109.74 121.81]
 [109.67 106.49 160.9 ]
 [  0.     0.     2.  ]
 [  0.     0.     1.  ]
 [  0.     0.     3.  ]
 [  0.     0.     1.  ]
 [  0.     0.     2.  ]
 [  0.     0.     2.  ]
 [  0.     0.     4.  ]
 [  0.     0.     2.  ]
 [  0.     0.     6.  ]
 [  0.     0.     2.  ]
 [  0.     0.     1.  ]
 [  0.     0.     4.  ]
 [  0.     0.     1.  ]]
------------------------------------------------------------------
对测试集所有数据的预测结果
[0, 0, 0, 0, 0, 0, 0, 0, 0, 0, 0, 0, 0, 0, 0, 0, 0, 0, 0, 1, 0, 0, 2, 0, 0, 0, 2, 2, 1, 0, 0, 2, 0, 0, 2, 2, 0, 2, 0, 0, 2, 0, 0, 2, 0, 2, 2, 2, 2, 2, 2, 2, 2, 2, 2, 2, 2, 2, 2]
==================================================================
第3次迭代测试:
正确率: 89.83 %
对测试集所有数据的测试结果
[[ 10.     0.     0.  ]
 [ 17.     0.     0.  ]
 [ 13.     0.     0.  ]
 [ 18.     0.     0.  ]
 [ 13.     0.     0.  ]
 [ 15.     0.     0.  ]
 [ 15.     0.     0.  ]
 [  4.     0.     0.  ]
 [ 16.     0.     0.  ]
 [ 16.     0.     0.  ]
 [  9.     0.     0.  ]
 [ 14.     0.     0.  ]
 [ 11.     0.     0.  ]
 [  0.     5.     0.  ]
 [  0.     2.     0.  ]
 [  0.     2.     0.  ]
 [  0.     3.     0.  ]
 [  0.     2.     0.  ]
 [  0.     2.     0.  ]
 [230.55 150.41 142.26]
 [  0.     3.     0.  ]
 [  0.     4.     0.  ]
 [241.8  247.78 214.92]
 [  0.     2.     0.  ]
 [  0.     3.     0.  ]
 [  0.     2.     0.  ]
 [  0.     2.     0.  ]
 [  0.     1.     0.  ]
 [  0.     2.     0.  ]
 [200.6  169.6  166.16]
 [216.98 240.21 221.59]
 [  0.     1.     0.  ]
 [  0.     1.     0.  ]
 [  0.     2.     0.  ]
 [  0.     1.     0.  ]
 [210.37 175.73 192.27]
 [220.15 163.98 164.24]
 [  0.     1.     0.  ]
 [200.56 206.49 206.67]
 [  0.     0.     9.  ]
 [  0.     0.     6.  ]
 [156.37 178.08 226.53]
 [  0.     0.     4.  ]
 [  0.     0.     7.  ]
 [  0.     0.     4.  ]
 [  0.     0.     6.  ]
 [  0.     0.     7.  ]
 [  0.     0.     1.  ]
 [  0.     0.     2.  ]
 [  0.     0.     5.  ]
 [  0.     0.     1.  ]
 [  0.     0.     2.  ]
 [169.66 152.12 160.76]
 [  0.     0.     1.  ]
 [  0.     0.     3.  ]
 [  0.     0.     4.  ]
 [  0.     0.     1.  ]
 [  0.     0.     3.  ]
 [  0.     0.     2.  ]]
------------------------------------------------------------------
对测试集所有数据的预测结果
[0, 0, 0, 0, 0, 0, 0, 0, 0, 0, 0, 0, 0, 1, 1, 1, 1, 1, 1, 0, 1, 1, 1, 1, 1, 1, 1, 1, 1, 0, 1, 1, 1, 1, 1, 0, 0, 1, 2, 2, 2, 2, 2, 2, 2, 2, 2, 2, 2, 2, 2, 2, 0, 2, 2, 2, 2, 2, 2]
==================================================================