第1次迭代测试:
正确率: 35.29 %
对测试集所有数据的测试结果
[[0. 0. 0. 0. 0. 0. 0.]
 [0. 0. 0. 0. 0. 0. 0.]
 [0. 0. 0. 0. 0. 0. 0.]
 [0. 0. 0. 0. 0. 0. 0.]
 [0. 0. 0. 0. 0. 0. 0.]
 [0. 0. 0. 0. 0. 0. 0.]
 [0. 0. 0. 0. 0. 0. 0.]
 [0. 0. 0. 0. 0. 0. 0.]
 [0. 0. 0. 0. 0. 0. 0.]
 [0. 0. 0. 0. 0. 0. 0.]
 [0. 0. 0. 0. 0. 0. 0.]
 [0. 0. 0. 0. 0. 0. 0.]
 [0. 0. 0. 0. 0. 0. 0.]
 [0. 0. 0. 0. 0. 0. 0.]
 [0. 0. 0. 0. 0. 0. 0.]
 [0. 0. 0. 0. 0. 0. 0.]
 [0. 0. 0. 0. 0. 0. 0.]
 [0. 0. 0. 0. 0. 0. 0.]
 [0. 0. 0. 0. 0. 0. 0.]
 [0. 0. 0. 0. 0. 0. 0.]
 [0. 0. 0. 0. 0. 0. 0.]
 [0. 0. 0. 0. 0. 0. 0.]
 [0. 0. 0. 0. 0. 0. 0.]
 [0. 0. 0. 0. 0. 0. 0.]
 [0. 0. 0. 0. 0. 0. 0.]
 [0. 0. 0. 0. 0. 0. 0.]
 [0. 0. 0. 0. 0. 0. 0.]
 [0. 0. 0. 0. 0. 0. 0.]
 [0. 0. 0. 0. 0. 0. 0.]
 [0. 0. 0. 0. 0. 0. 0.]
 [0. 0. 0. 0. 0. 0. 0.]
 [0. 0. 0. 0. 0. 0. 0.]
 [0. 0. 0. 0. 0. 0. 0.]
 [0. 0. 0. 0. 0. 0. 0.]]
------------------------------------------------------------------
对测试集所有数据的预测结果
[0, 0, 0, 0, 0, 0, 0, 0, 0, 0, 0, 0, 0, 0, 0, 0, 0, 0, 0, 0, 0, 0, 0, 0, 0, 0, 0, 0, 0, 0, 0, 0, 0, 0]
==================================================================
第2次迭代测试:
正确率: 35.29 %
对测试集所有数据的测试结果
[[43.95  8.62  0.36  1.81  0.97  2.82  4.64]
 [25.48  8.2   0.32  3.35  1.22  2.82  6.  ]
 [37.2   7.85  0.32  1.74  1.01  2.82  4.98]
 [34.25  7.56  0.3   1.68  0.91  2.5   4.47]
 [43.95  8.62  0.36  1.81  0.97  2.82  4.64]
 [34.38  7.62  0.3   1.64  0.86  2.5   4.21]
 [25.72 11.98  0.36  1.9   0.98  3.1   5.03]
 [25.78 11.68  0.36  1.96  1.06  3.1   5.47]
 [25.72 11.98  0.36  1.9   0.98  3.1   5.03]
 [26.82 13.47  0.42  1.87  0.98  3.1   5.03]
 [30.39 11.62  0.53  2.2   1.45  8.86  8.84]
 [28.63  9.01  0.36  2.48  1.82  3.52  6.96]
 [43.95  8.62  0.36  1.81  0.97  2.82  4.64]
 [31.69  7.22  0.28  1.64  0.89  2.54  4.54]
 [28.34 11.33  0.45  2.02  1.26  6.    7.6 ]
 [34.38  7.62  0.3   1.64  0.86  2.5   4.21]
 [29.55 10.09  0.39  1.88  1.13  4.76  6.7 ]
 [28.38 12.79  0.43  2.21  1.24  3.52  6.14]
 [27.02 10.27  0.39  2.    1.25  4.76  7.89]
 [25.95  9.19  0.38  2.53  1.44  4.58 14.31]
 [28.29  8.98  0.36  2.48  1.51  3.08  5.98]
 [39.48  8.05  0.32  1.9   1.06  2.82  4.98]
 [29.85 15.98  0.53  2.06  1.1   3.52  5.52]
 [25.72 11.98  0.36  1.9   0.98  3.1   5.03]
 [24.27  9.71  0.35  1.9   1.03  2.72  5.21]
 [25.48  8.2   0.32  3.35  1.22  2.82  6.  ]
 [34.25  7.56  0.3   1.68  0.91  2.5   4.47]
 [27.42  9.04  0.36  3.88  1.28  3.12  6.09]
 [23.12  9.46  0.31  1.9   1.03  2.72  5.21]
 [49.19  9.    0.36  2.06  1.1   3.16  5.07]
 [30.82 10.    0.42  2.64  1.96  4.06  6.95]
 [38.55  8.52  0.32  1.87  0.98  2.84  4.67]
 [24.39 10.42  0.35  1.74  0.92  2.72  4.85]
 [30.26 11.98  0.52  2.28  1.42  7.9   8.69]]
------------------------------------------------------------------
对测试集所有数据的预测结果
[0, 0, 0, 0, 0, 0, 0, 0, 0, 0, 0, 0, 0, 0, 0, 0, 0, 0, 0, 0, 0, 0, 0, 0, 0, 0, 0, 0, 0, 0, 0, 0, 0, 0]
==================================================================
第3次迭代测试:
正确率: 96.97 %
对测试集所有数据的测试结果
[[46.    0.    0.    0.    0.    0.    0.  ]
 [ 0.    0.    0.   14.    0.    0.    0.  ]
 [46.    0.    0.    0.    0.    0.    0.  ]
 [46.    0.    0.    0.    0.    0.    0.  ]
 [ 0.    0.    0.   15.    0.    0.    0.  ]
 [ 0.    0.    0.    0.    0.    0.   10.  ]
 [ 0.    0.    0.    0.    0.    0.   10.  ]
 [46.    0.    0.    0.    0.    0.    0.  ]
 [20.    0.    0.    0.    0.    0.    0.  ]
 [ 0.   11.    0.    0.    0.    0.    0.  ]
 [46.    0.    0.    0.    0.    0.    0.  ]
 [ 0.   10.    0.    0.    0.    0.    0.  ]
 [46.    0.    0.    0.    0.    0.    0.  ]
 [ 0.   12.    0.    0.    0.    0.    0.  ]
 [ 0.    0.    0.    0.    0.    2.    0.  ]
 [46.    0.    0.    0.    0.    0.    0.  ]
 [46.    0.    0.    0.    0.    0.    0.  ]
 [46.    0.    0.    0.    0.    0.    0.  ]
 [46.    0.    0.    0.    0.    0.    0.  ]
 [23.    0.    0.    0.    0.    0.    0.  ]
 [20.    0.    0.    0.    0.    0.    0.  ]
 [45.    0.    0.    0.    0.    0.    0.  ]
 [62.31 15.59  4.23  6.42  1.63  7.65 14.53]
 [22.    0.    0.    0.    0.    0.    0.  ]
 [39.    0.    0.    0.    0.    0.    0.  ]
 [ 0.    0.    0.    0.    0.    0.   10.  ]
 [ 0.   10.    0.    0.    0.    0.    0.  ]
 [ 0.    0.    0.    0.    0.    0.    2.  ]
 [ 0.    0.    0.    0.    0.    0.   10.  ]
 [ 0.    0.    0.   14.    0.    0.    0.  ]
 [ 0.    0.    0.    0.    0.    5.    0.  ]
 [ 0.    0.    2.    0.    0.    0.    0.  ]
 [46.    0.    0.    0.    0.    0.    0.  ]]
------------------------------------------------------------------
对测试集所有数据的预测结果
[0, 3, 0, 0, 3, 6, 6, 0, 0, 1, 0, 1, 0, 1, 5, 0, 0, 0, 0, 0, 0, 0, 0, 0, 0, 6, 1, 6, 6, 3, 5, 2, 0]
==================================================================